16 20 16 4 30
0 10
1 10
2 5
3 5
4 8
5 8
6 10
7 10
8 15
9 15
10 20
11 20
12 5
13 5
14 7
15 7
0 10 0 1
1 10 0 1
2 7 2 3
3 7 2 3
4 10 4 5
5 10 4 5
6 10 4 5
7 3 6 7
8 3 6 7
9 5 8 9
10 5 8 9
11 5 8 9
12 20 10 11
13 20 10 11
14 20 10 11
15 20 10 11
16 5 12 13
17 5 12 13
18 5 14 15
19 5 14 15
0 120 90 0 2
1 110 90 1 2
2 30 90 3 4
3 30 120 3 4
4 90 120 4 10
5 70 120 5 6
6 70 70 5 7
7 130 70 5 8
8 95 110 5 10
9 120 110 7 11
10 40 200 8 10
11 40 200 8 11
12 60 170 9 12
13 60 170 9 13
14 70 80 11 14
15 70 80 11 15
0 110 100 12
0 1 2 3 4 5 7 6 5 4 3 2
1 180 80 13
11 10 5 4 3 2 0 1 2 3 4 5 10
2 250 160 12
15 14 11 10 8 9 13 12 9 8 10 11
3 90 60 10
10 11 8 9 13 12 9 8 5 4

